(kicad_pcb (version 20171130) (host pcbnew 5.0.2-bee76a0~70~ubuntu16.04.1)

  (general
    (thickness 1.6)
    (drawings 364)
    (tracks 21)
    (zones 0)
    (modules 165)
    (nets 208)
  )

  (page A4)
  (layers
    (0 F.Cu signal)
    (31 B.Cu signal)
    (32 B.Adhes user)
    (33 F.Adhes user)
    (34 B.Paste user)
    (35 F.Paste user)
    (36 B.SilkS user)
    (37 F.SilkS user)
    (38 B.Mask user)
    (39 F.Mask user)
    (40 Dwgs.User user)
    (41 Cmts.User user)
    (42 Eco1.User user)
    (43 Eco2.User user)
    (44 Edge.Cuts user)
    (45 Margin user)
    (46 B.CrtYd user)
    (47 F.CrtYd user)
    (48 B.Fab user)
    (49 F.Fab user)
  )

  (setup
    (last_trace_width 0.25)
    (trace_clearance 0.2)
    (zone_clearance 0.508)
    (zone_45_only no)
    (trace_min 0.2)
    (segment_width 0.2)
    (edge_width 0.15)
    (via_size 0.8)
    (via_drill 0.4)
    (via_min_size 0.4)
    (via_min_drill 0.3)
    (uvia_size 0.3)
    (uvia_drill 0.1)
    (uvias_allowed no)
    (uvia_min_size 0.2)
    (uvia_min_drill 0.1)
    (pcb_text_width 0.3)
    (pcb_text_size 1.5 1.5)
    (mod_edge_width 0.15)
    (mod_text_size 1 1)
    (mod_text_width 0.15)
    (pad_size 1.524 1.524)
    (pad_drill 0.762)
    (pad_to_mask_clearance 0.051)
    (solder_mask_min_width 0.25)
    (aux_axis_origin 0 0)
    (visible_elements FFFFFF7F)
    (pcbplotparams
      (layerselection 0x010fc_ffffffff)
      (usegerberextensions false)
      (usegerberattributes false)
      (usegerberadvancedattributes false)
      (creategerberjobfile false)
      (excludeedgelayer true)
      (linewidth 0.100000)
      (plotframeref false)
      (viasonmask false)
      (mode 1)
      (useauxorigin false)
      (hpglpennumber 1)
      (hpglpenspeed 20)
      (hpglpendiameter 15.000000)
      (psnegative false)
      (psa4output false)
      (plotreference true)
      (plotvalue true)
      (plotinvisibletext false)
      (padsonsilk false)
      (subtractmaskfromsilk false)
      (outputformat 1)
      (mirror false)
      (drillshape 1)
      (scaleselection 1)
      (outputdirectory ""))
  )

  (net 0 "")
  (net 1 "Net-(C1-Pad1)")
  (net 2 VO_12)
  (net 3 GND)
  (net 4 "Net-(C2-Pad1)")
  (net 5 3v3)
  (net 6 VI_12)
  (net 7 "Net-(D2-Pad1)")
  (net 8 M00)
  (net 9 "Net-(D3-Pad2)")
  (net 10 M16)
  (net 11 "Net-(D4-Pad2)")
  (net 12 "Net-(D5-Pad2)")
  (net 13 M32)
  (net 14 "Net-(D6-Pad2)")
  (net 15 M48)
  (net 16 "Net-(D7-Pad2)")
  (net 17 H05)
  (net 18 "Net-(D8-Pad2)")
  (net 19 M01)
  (net 20 "Net-(D9-Pad2)")
  (net 21 M17)
  (net 22 M33)
  (net 23 "Net-(D10-Pad2)")
  (net 24 "Net-(D11-Pad2)")
  (net 25 M49)
  (net 26 "Net-(D12-Pad2)")
  (net 27 H06)
  (net 28 M02)
  (net 29 "Net-(D13-Pad2)")
  (net 30 M18)
  (net 31 "Net-(D14-Pad2)")
  (net 32 "Net-(D15-Pad2)")
  (net 33 M34)
  (net 34 M50)
  (net 35 "Net-(D16-Pad2)")
  (net 36 "Net-(D17-Pad2)")
  (net 37 H07)
  (net 38 "Net-(D18-Pad2)")
  (net 39 M03)
  (net 40 "Net-(D19-Pad2)")
  (net 41 M19)
  (net 42 M35)
  (net 43 "Net-(D20-Pad2)")
  (net 44 M51)
  (net 45 "Net-(D21-Pad2)")
  (net 46 "Net-(D22-Pad2)")
  (net 47 H08)
  (net 48 M04)
  (net 49 "Net-(D23-Pad2)")
  (net 50 M20)
  (net 51 "Net-(D24-Pad2)")
  (net 52 "Net-(D25-Pad2)")
  (net 53 M36)
  (net 54 "Net-(D26-Pad2)")
  (net 55 M52)
  (net 56 H09)
  (net 57 "Net-(D27-Pad2)")
  (net 58 "Net-(D28-Pad2)")
  (net 59 M05)
  (net 60 "Net-(D29-Pad2)")
  (net 61 M21)
  (net 62 M37)
  (net 63 "Net-(D30-Pad2)")
  (net 64 "Net-(D31-Pad2)")
  (net 65 M53)
  (net 66 H10)
  (net 67 "Net-(D32-Pad2)")
  (net 68 M06)
  (net 69 "Net-(D33-Pad2)")
  (net 70 M22)
  (net 71 "Net-(D34-Pad2)")
  (net 72 "Net-(D35-Pad2)")
  (net 73 M38)
  (net 74 M54)
  (net 75 "Net-(D36-Pad2)")
  (net 76 H11)
  (net 77 "Net-(D37-Pad2)")
  (net 78 "Net-(D38-Pad2)")
  (net 79 M07)
  (net 80 M23)
  (net 81 "Net-(D39-Pad2)")
  (net 82 M39)
  (net 83 "Net-(D40-Pad2)")
  (net 84 "Net-(D41-Pad2)")
  (net 85 M55)
  (net 86 H12)
  (net 87 "Net-(D42-Pad2)")
  (net 88 "Net-(D43-Pad2)")
  (net 89 M08)
  (net 90 M24)
  (net 91 "Net-(D44-Pad2)")
  (net 92 M40)
  (net 93 "Net-(D45-Pad2)")
  (net 94 M56)
  (net 95 "Net-(D46-Pad2)")
  (net 96 M09)
  (net 97 "Net-(D47-Pad2)")
  (net 98 "Net-(D48-Pad2)")
  (net 99 M25)
  (net 100 "Net-(D49-Pad2)")
  (net 101 M41)
  (net 102 M57)
  (net 103 "Net-(D50-Pad2)")
  (net 104 "Net-(D51-Pad2)")
  (net 105 M10)
  (net 106 M26)
  (net 107 "Net-(D52-Pad2)")
  (net 108 M42)
  (net 109 "Net-(D53-Pad2)")
  (net 110 M58)
  (net 111 "Net-(D54-Pad2)")
  (net 112 "Net-(D55-Pad2)")
  (net 113 M11)
  (net 114 "Net-(D56-Pad2)")
  (net 115 M27)
  (net 116 "Net-(D57-Pad2)")
  (net 117 M43)
  (net 118 "Net-(D58-Pad2)")
  (net 119 M59)
  (net 120 M12)
  (net 121 "Net-(D59-Pad2)")
  (net 122 "Net-(D60-Pad2)")
  (net 123 M28)
  (net 124 M44)
  (net 125 "Net-(D61-Pad2)")
  (net 126 H01)
  (net 127 "Net-(D62-Pad2)")
  (net 128 "Net-(D63-Pad2)")
  (net 129 M13)
  (net 130 M29)
  (net 131 "Net-(D64-Pad2)")
  (net 132 M45)
  (net 133 "Net-(D65-Pad2)")
  (net 134 "Net-(D66-Pad2)")
  (net 135 H02)
  (net 136 M14)
  (net 137 "Net-(D67-Pad2)")
  (net 138 "Net-(D68-Pad2)")
  (net 139 M30)
  (net 140 M46)
  (net 141 "Net-(D69-Pad2)")
  (net 142 H03)
  (net 143 "Net-(D70-Pad2)")
  (net 144 "Net-(D71-Pad2)")
  (net 145 M15)
  (net 146 "Net-(D72-Pad2)")
  (net 147 M31)
  (net 148 "Net-(D73-Pad2)")
  (net 149 M47)
  (net 150 "Net-(D74-Pad2)")
  (net 151 H04)
  (net 152 SWDIO)
  (net 153 SWCLK)
  (net 154 "Net-(J1-Pad6)")
  (net 155 "Net-(J1-Pad7)")
  (net 156 "Net-(J1-Pad8)")
  (net 157 ~RST)
  (net 158 "Net-(P1-Pad1)")
  (net 159 "Net-(P1-Pad2)")
  (net 160 "Net-(U1-Pad9)")
  (net 161 OCS)
  (net 162 LSC)
  (net 163 "Net-(U1-Pad12)")
  (net 164 ~OE)
  (net 165 SD0)
  (net 166 "Net-(U1-Pad16)")
  (net 167 "Net-(U2-Pad9)")
  (net 168 "Net-(U2-Pad12)")
  (net 169 SD3)
  (net 170 "Net-(U2-Pad16)")
  (net 171 "Net-(U3-Pad16)")
  (net 172 SD6)
  (net 173 "Net-(U3-Pad12)")
  (net 174 "Net-(U3-Pad9)")
  (net 175 "Net-(U4-Pad9)")
  (net 176 "Net-(U4-Pad12)")
  (net 177 SD1)
  (net 178 "Net-(U4-Pad16)")
  (net 179 "Net-(U5-Pad9)")
  (net 180 "Net-(U5-Pad12)")
  (net 181 SD4)
  (net 182 "Net-(U5-Pad16)")
  (net 183 "Net-(U6-Pad9)")
  (net 184 "Net-(U6-Pad12)")
  (net 185 SD7)
  (net 186 "Net-(U6-Pad16)")
  (net 187 "Net-(U8-Pad16)")
  (net 188 SD2)
  (net 189 "Net-(U8-Pad12)")
  (net 190 "Net-(U8-Pad9)")
  (net 191 "Net-(U9-Pad16)")
  (net 192 SD5)
  (net 193 "Net-(U9-Pad12)")
  (net 194 "Net-(U9-Pad9)")
  (net 195 "Net-(U10-Pad16)")
  (net 196 SD8)
  (net 197 "Net-(U10-Pad12)")
  (net 198 "Net-(U10-Pad9)")
  (net 199 LCS)
  (net 200 "Net-(U11-Pad7)")
  (net 201 "Net-(U11-Pad11)")
  (net 202 "Net-(U11-Pad15)")
  (net 203 "Net-(U11-Pad16)")
  (net 204 "Net-(U11-Pad17)")
  (net 205 "Net-(U11-Pad20)")
  (net 206 "Net-(U11-Pad21)")
  (net 207 ~CLR)

  (net_class Default "This is the default net class."
    (clearance 0.2)
    (trace_width 0.25)
    (via_dia 0.8)
    (via_drill 0.4)
    (uvia_dia 0.3)
    (uvia_drill 0.1)
    (add_net 3v3)
    (add_net GND)
    (add_net H01)
    (add_net H02)
    (add_net H03)
    (add_net H04)
    (add_net H05)
    (add_net H06)
    (add_net H07)
    (add_net H08)
    (add_net H09)
    (add_net H10)
    (add_net H11)
    (add_net H12)
    (add_net LCS)
    (add_net LSC)
    (add_net M00)
    (add_net M01)
    (add_net M02)
    (add_net M03)
    (add_net M04)
    (add_net M05)
    (add_net M06)
    (add_net M07)
    (add_net M08)
    (add_net M09)
    (add_net M10)
    (add_net M11)
    (add_net M12)
    (add_net M13)
    (add_net M14)
    (add_net M15)
    (add_net M16)
    (add_net M17)
    (add_net M18)
    (add_net M19)
    (add_net M20)
    (add_net M21)
    (add_net M22)
    (add_net M23)
    (add_net M24)
    (add_net M25)
    (add_net M26)
    (add_net M27)
    (add_net M28)
    (add_net M29)
    (add_net M30)
    (add_net M31)
    (add_net M32)
    (add_net M33)
    (add_net M34)
    (add_net M35)
    (add_net M36)
    (add_net M37)
    (add_net M38)
    (add_net M39)
    (add_net M40)
    (add_net M41)
    (add_net M42)
    (add_net M43)
    (add_net M44)
    (add_net M45)
    (add_net M46)
    (add_net M47)
    (add_net M48)
    (add_net M49)
    (add_net M50)
    (add_net M51)
    (add_net M52)
    (add_net M53)
    (add_net M54)
    (add_net M55)
    (add_net M56)
    (add_net M57)
    (add_net M58)
    (add_net M59)
    (add_net "Net-(C1-Pad1)")
    (add_net "Net-(C2-Pad1)")
    (add_net "Net-(D10-Pad2)")
    (add_net "Net-(D11-Pad2)")
    (add_net "Net-(D12-Pad2)")
    (add_net "Net-(D13-Pad2)")
    (add_net "Net-(D14-Pad2)")
    (add_net "Net-(D15-Pad2)")
    (add_net "Net-(D16-Pad2)")
    (add_net "Net-(D17-Pad2)")
    (add_net "Net-(D18-Pad2)")
    (add_net "Net-(D19-Pad2)")
    (add_net "Net-(D2-Pad1)")
    (add_net "Net-(D20-Pad2)")
    (add_net "Net-(D21-Pad2)")
    (add_net "Net-(D22-Pad2)")
    (add_net "Net-(D23-Pad2)")
    (add_net "Net-(D24-Pad2)")
    (add_net "Net-(D25-Pad2)")
    (add_net "Net-(D26-Pad2)")
    (add_net "Net-(D27-Pad2)")
    (add_net "Net-(D28-Pad2)")
    (add_net "Net-(D29-Pad2)")
    (add_net "Net-(D3-Pad2)")
    (add_net "Net-(D30-Pad2)")
    (add_net "Net-(D31-Pad2)")
    (add_net "Net-(D32-Pad2)")
    (add_net "Net-(D33-Pad2)")
    (add_net "Net-(D34-Pad2)")
    (add_net "Net-(D35-Pad2)")
    (add_net "Net-(D36-Pad2)")
    (add_net "Net-(D37-Pad2)")
    (add_net "Net-(D38-Pad2)")
    (add_net "Net-(D39-Pad2)")
    (add_net "Net-(D4-Pad2)")
    (add_net "Net-(D40-Pad2)")
    (add_net "Net-(D41-Pad2)")
    (add_net "Net-(D42-Pad2)")
    (add_net "Net-(D43-Pad2)")
    (add_net "Net-(D44-Pad2)")
    (add_net "Net-(D45-Pad2)")
    (add_net "Net-(D46-Pad2)")
    (add_net "Net-(D47-Pad2)")
    (add_net "Net-(D48-Pad2)")
    (add_net "Net-(D49-Pad2)")
    (add_net "Net-(D5-Pad2)")
    (add_net "Net-(D50-Pad2)")
    (add_net "Net-(D51-Pad2)")
    (add_net "Net-(D52-Pad2)")
    (add_net "Net-(D53-Pad2)")
    (add_net "Net-(D54-Pad2)")
    (add_net "Net-(D55-Pad2)")
    (add_net "Net-(D56-Pad2)")
    (add_net "Net-(D57-Pad2)")
    (add_net "Net-(D58-Pad2)")
    (add_net "Net-(D59-Pad2)")
    (add_net "Net-(D6-Pad2)")
    (add_net "Net-(D60-Pad2)")
    (add_net "Net-(D61-Pad2)")
    (add_net "Net-(D62-Pad2)")
    (add_net "Net-(D63-Pad2)")
    (add_net "Net-(D64-Pad2)")
    (add_net "Net-(D65-Pad2)")
    (add_net "Net-(D66-Pad2)")
    (add_net "Net-(D67-Pad2)")
    (add_net "Net-(D68-Pad2)")
    (add_net "Net-(D69-Pad2)")
    (add_net "Net-(D7-Pad2)")
    (add_net "Net-(D70-Pad2)")
    (add_net "Net-(D71-Pad2)")
    (add_net "Net-(D72-Pad2)")
    (add_net "Net-(D73-Pad2)")
    (add_net "Net-(D74-Pad2)")
    (add_net "Net-(D8-Pad2)")
    (add_net "Net-(D9-Pad2)")
    (add_net "Net-(J1-Pad6)")
    (add_net "Net-(J1-Pad7)")
    (add_net "Net-(J1-Pad8)")
    (add_net "Net-(P1-Pad1)")
    (add_net "Net-(P1-Pad2)")
    (add_net "Net-(U1-Pad12)")
    (add_net "Net-(U1-Pad16)")
    (add_net "Net-(U1-Pad9)")
    (add_net "Net-(U10-Pad12)")
    (add_net "Net-(U10-Pad16)")
    (add_net "Net-(U10-Pad9)")
    (add_net "Net-(U11-Pad11)")
    (add_net "Net-(U11-Pad15)")
    (add_net "Net-(U11-Pad16)")
    (add_net "Net-(U11-Pad17)")
    (add_net "Net-(U11-Pad20)")
    (add_net "Net-(U11-Pad21)")
    (add_net "Net-(U11-Pad7)")
    (add_net "Net-(U2-Pad12)")
    (add_net "Net-(U2-Pad16)")
    (add_net "Net-(U2-Pad9)")
    (add_net "Net-(U3-Pad12)")
    (add_net "Net-(U3-Pad16)")
    (add_net "Net-(U3-Pad9)")
    (add_net "Net-(U4-Pad12)")
    (add_net "Net-(U4-Pad16)")
    (add_net "Net-(U4-Pad9)")
    (add_net "Net-(U5-Pad12)")
    (add_net "Net-(U5-Pad16)")
    (add_net "Net-(U5-Pad9)")
    (add_net "Net-(U6-Pad12)")
    (add_net "Net-(U6-Pad16)")
    (add_net "Net-(U6-Pad9)")
    (add_net "Net-(U8-Pad12)")
    (add_net "Net-(U8-Pad16)")
    (add_net "Net-(U8-Pad9)")
    (add_net "Net-(U9-Pad12)")
    (add_net "Net-(U9-Pad16)")
    (add_net "Net-(U9-Pad9)")
    (add_net OCS)
    (add_net SD0)
    (add_net SD1)
    (add_net SD2)
    (add_net SD3)
    (add_net SD4)
    (add_net SD5)
    (add_net SD6)
    (add_net SD7)
    (add_net SD8)
    (add_net SWCLK)
    (add_net SWDIO)
    (add_net VI_12)
    (add_net VO_12)
    (add_net ~CLR)
    (add_net ~OE)
    (add_net ~RST)
  )

  (module Capacitor_SMD:C_0805_2012Metric (layer F.Cu) (tedit 5B36C52B) (tstamp 5E12A0E2)
    (at 184.929401 59.085801)
    (descr "Capacitor SMD 0805 (2012 Metric), square (rectangular) end terminal, IPC_7351 nominal, (Body size source: https://docs.google.com/spreadsheets/d/1BsfQQcO9C6DZCsRaXUlFlo91Tg2WpOkGARC1WS5S8t0/edit?usp=sharing), generated with kicad-footprint-generator")
    (tags capacitor)
    (path /5DF1C4C1)
    (attr smd)
    (fp_text reference C1 (at 0 -1.65) (layer F.SilkS)
      (effects (font (size 1 1) (thickness 0.15)))
    )
    (fp_text value 0.1uF (at 0 1.65) (layer F.Fab)
      (effects (font (size 1 1) (thickness 0.15)))
    )
    (fp_line (start -1 0.6) (end -1 -0.6) (layer F.Fab) (width 0.1))
    (fp_line (start -1 -0.6) (end 1 -0.6) (layer F.Fab) (width 0.1))
    (fp_line (start 1 -0.6) (end 1 0.6) (layer F.Fab) (width 0.1))
    (fp_line (start 1 0.6) (end -1 0.6) (layer F.Fab) (width 0.1))
    (fp_line (start -0.258578 -0.71) (end 0.258578 -0.71) (layer F.SilkS) (width 0.12))
    (fp_line (start -0.258578 0.71) (end 0.258578 0.71) (layer F.SilkS) (width 0.12))
    (fp_line (start -1.68 0.95) (end -1.68 -0.95) (layer F.CrtYd) (width 0.05))
    (fp_line (start -1.68 -0.95) (end 1.68 -0.95) (layer F.CrtYd) (width 0.05))
    (fp_line (start 1.68 -0.95) (end 1.68 0.95) (layer F.CrtYd) (width 0.05))
    (fp_line (start 1.68 0.95) (end -1.68 0.95) (layer F.CrtYd) (width 0.05))
    (fp_text user %R (at 0 0) (layer F.Fab)
      (effects (font (size 0.5 0.5) (thickness 0.08)))
    )
    (pad 1 smd roundrect (at -0.9375 0) (size 0.975 1.4) (layers F.Cu F.Paste F.Mask) (roundrect_rratio 0.25)
      (net 1 "Net-(C1-Pad1)"))
    (pad 2 smd roundrect (at 0.9375 0) (size 0.975 1.4) (layers F.Cu F.Paste F.Mask) (roundrect_rratio 0.25)
      (net 2 VO_12))
    (model ${KISYS3DMOD}/Capacitor_SMD.3dshapes/C_0805_2012Metric.wrl
      (at (xyz 0 0 0))
      (scale (xyz 1 1 1))
      (rotate (xyz 0 0 0))
    )
  )

  (module Capacitor_SMD:C_0805_2012Metric (layer F.Cu) (tedit 5B36C52B) (tstamp 5E12A0F3)
    (at 204.309801 55.781001)
    (descr "Capacitor SMD 0805 (2012 Metric), square (rectangular) end terminal, IPC_7351 nominal, (Body size source: https://docs.google.com/spreadsheets/d/1BsfQQcO9C6DZCsRaXUlFlo91Tg2WpOkGARC1WS5S8t0/edit?usp=sharing), generated with kicad-footprint-generator")
    (tags capacitor)
    (path /5DF1DC9A)
    (attr smd)
    (fp_text reference C2 (at 0 -1.65) (layer F.SilkS)
      (effects (font (size 1 1) (thickness 0.15)))
    )
    (fp_text value 0.1uF (at 0 1.65) (layer F.Fab)
      (effects (font (size 1 1) (thickness 0.15)))
    )
    (fp_text user %R (at 0 0) (layer F.Fab)
      (effects (font (size 0.5 0.5) (thickness 0.08)))
    )
    (fp_line (start 1.68 0.95) (end -1.68 0.95) (layer F.CrtYd) (width 0.05))
    (fp_line (start 1.68 -0.95) (end 1.68 0.95) (layer F.CrtYd) (width 0.05))
    (fp_line (start -1.68 -0.95) (end 1.68 -0.95) (layer F.CrtYd) (width 0.05))
    (fp_line (start -1.68 0.95) (end -1.68 -0.95) (layer F.CrtYd) (width 0.05))
    (fp_line (start -0.258578 0.71) (end 0.258578 0.71) (layer F.SilkS) (width 0.12))
    (fp_line (start -0.258578 -0.71) (end 0.258578 -0.71) (layer F.SilkS) (width 0.12))
    (fp_line (start 1 0.6) (end -1 0.6) (layer F.Fab) (width 0.1))
    (fp_line (start 1 -0.6) (end 1 0.6) (layer F.Fab) (width 0.1))
    (fp_line (start -1 -0.6) (end 1 -0.6) (layer F.Fab) (width 0.1))
    (fp_line (start -1 0.6) (end -1 -0.6) (layer F.Fab) (width 0.1))
    (pad 2 smd roundrect (at 0.9375 0) (size 0.975 1.4) (layers F.Cu F.Paste F.Mask) (roundrect_rratio 0.25)
      (net 3 GND))
    (pad 1 smd roundrect (at -0.9375 0) (size 0.975 1.4) (layers F.Cu F.Paste F.Mask) (roundrect_rratio 0.25)
      (net 4 "Net-(C2-Pad1)"))
    (model ${KISYS3DMOD}/Capacitor_SMD.3dshapes/C_0805_2012Metric.wrl
      (at (xyz 0 0 0))
      (scale (xyz 1 1 1))
      (rotate (xyz 0 0 0))
    )
  )

  (module Capacitor_SMD:C_0805_2012Metric (layer F.Cu) (tedit 5B36C52B) (tstamp 5E12A104)
    (at 198.279801 62.091001)
    (descr "Capacitor SMD 0805 (2012 Metric), square (rectangular) end terminal, IPC_7351 nominal, (Body size source: https://docs.google.com/spreadsheets/d/1BsfQQcO9C6DZCsRaXUlFlo91Tg2WpOkGARC1WS5S8t0/edit?usp=sharing), generated with kicad-footprint-generator")
    (tags capacitor)
    (path /5DF1DDEE)
    (attr smd)
    (fp_text reference C3 (at 0 -1.65) (layer F.SilkS)
      (effects (font (size 1 1) (thickness 0.15)))
    )
    (fp_text value 0.1uF (at 0 1.65) (layer F.Fab)
      (effects (font (size 1 1) (thickness 0.15)))
    )
    (fp_line (start -1 0.6) (end -1 -0.6) (layer F.Fab) (width 0.1))
    (fp_line (start -1 -0.6) (end 1 -0.6) (layer F.Fab) (width 0.1))
    (fp_line (start 1 -0.6) (end 1 0.6) (layer F.Fab) (width 0.1))
    (fp_line (start 1 0.6) (end -1 0.6) (layer F.Fab) (width 0.1))
    (fp_line (start -0.258578 -0.71) (end 0.258578 -0.71) (layer F.SilkS) (width 0.12))
    (fp_line (start -0.258578 0.71) (end 0.258578 0.71) (layer F.SilkS) (width 0.12))
    (fp_line (start -1.68 0.95) (end -1.68 -0.95) (layer F.CrtYd) (width 0.05))
    (fp_line (start -1.68 -0.95) (end 1.68 -0.95) (layer F.CrtYd) (width 0.05))
    (fp_line (start 1.68 -0.95) (end 1.68 0.95) (layer F.CrtYd) (width 0.05))
    (fp_line (start 1.68 0.95) (end -1.68 0.95) (layer F.CrtYd) (width 0.05))
    (fp_text user %R (at 0 0) (layer F.Fab)
      (effects (font (size 0.5 0.5) (thickness 0.08)))
    )
    (pad 1 smd roundrect (at -0.9375 0) (size 0.975 1.4) (layers F.Cu F.Paste F.Mask) (roundrect_rratio 0.25)
      (net 5 3v3))
    (pad 2 smd roundrect (at 0.9375 0) (size 0.975 1.4) (layers F.Cu F.Paste F.Mask) (roundrect_rratio 0.25)
      (net 3 GND))
    (model ${KISYS3DMOD}/Capacitor_SMD.3dshapes/C_0805_2012Metric.wrl
      (at (xyz 0 0 0))
      (scale (xyz 1 1 1))
      (rotate (xyz 0 0 0))
    )
  )

  (module Diode_SMD:Diode_Bridge_Diotec_ABS (layer B.Cu) (tedit 5A4F6D53) (tstamp 5E12A11D)
    (at 52.0414 88.8934 180)
    (descr "SMD diode bridge ABS (Diotec), see https://diotec.com/tl_files/diotec/files/pdf/datasheets/abs2.pdf")
    (tags "ABS MBLS")
    (path /5DF1D760)
    (attr smd)
    (fp_text reference D1 (at 0 3.7 180) (layer B.SilkS)
      (effects (font (size 1 1) (thickness 0.15)) (justify mirror))
    )
    (fp_text value D_Bridge_+-AA (at 0 -3.7 180) (layer B.Fab)
      (effects (font (size 1 1) (thickness 0.15)) (justify mirror))
    )
    (fp_text user %R (at 0 0.065 180) (layer B.Fab)
      (effects (font (size 1 1) (thickness 0.15)) (justify mirror))
    )
    (fp_line (start 2.3 2.4) (end 2.3 2.6) (layer B.SilkS) (width 0.12))
    (fp_line (start 2.3 2.6) (end -3.5 2.6) (layer B.SilkS) (width 0.12))
    (fp_line (start 2.3 -2.4) (end 2.3 -2.6) (layer B.SilkS) (width 0.12))
    (fp_line (start 2.3 -2.6) (end -2.3 -2.6) (layer B.SilkS) (width 0.12))
    (fp_line (start -2.3 -2.6) (end -2.3 -2.4) (layer B.SilkS) (width 0.12))
    (fp_line (start 2.3 1.5) (end 2.3 -1.5) (layer B.SilkS) (width 0.12))
    (fp_line (start -2.3 -1.5) (end -2.3 1.5) (layer B.SilkS) (width 0.12))
    (fp_line (start -2.2 -2.5) (end 2.2 -2.5) (layer B.Fab) (width 0.12))
    (fp_line (start 2.2 -2.5) (end 2.2 2.5) (layer B.Fab) (width 0.12))
    (fp_line (start 2.2 2.5) (end -1.8 2.5) (layer B.Fab) (width 0.12))
    (fp_line (start -1.8 2.5) (end -2.2 2) (layer B.Fab) (width 0.12))
    (fp_line (start -2.2 2) (end -2.2 -2.5) (layer B.Fab) (width 0.12))
    (fp_line (start -3.72 2.75) (end 3.73 2.75) (layer B.CrtYd) (width 0.05))
    (fp_line (start -3.72 2.75) (end -3.72 -2.75) (layer B.CrtYd) (width 0.05))
    (fp_line (start 3.73 -2.75) (end 3.73 2.75) (layer B.CrtYd) (width 0.05))
    (fp_line (start 3.73 -2.75) (end -3.72 -2.75) (layer B.CrtYd) (width 0.05))
    (pad 1 smd rect (at -2.975 2 180) (size 1 0.7) (layers B.Cu B.Paste B.Mask)
      (net 4 "Net-(C2-Pad1)"))
    (pad 2 smd rect (at -2.975 -2 180) (size 1 0.7) (layers B.Cu B.Paste B.Mask)
      (net 3 GND))
    (pad 3 smd rect (at 2.975 -2 180) (size 1 0.7) (layers B.Cu B.Paste B.Mask)
      (net 6 VI_12))
    (pad 4 smd rect (at 2.975 2 180) (size 1 0.7) (layers B.Cu B.Paste B.Mask)
      (net 2 VO_12))
    (model ${KISYS3DMOD}/Diode_SMD.3dshapes/Diode_Bridge_Diotec_ABS.wrl
      (at (xyz 0 0 0))
      (scale (xyz 1 1 1))
      (rotate (xyz 0 0 0))
    )
  )

  (module Diode_SMD:D_0805_2012Metric (layer F.Cu) (tedit 5B36C52B) (tstamp 5E12A130)
    (at 177.114401 52.497001)
    (descr "Diode SMD 0805 (2012 Metric), square (rectangular) end terminal, IPC_7351 nominal, (Body size source: https://docs.google.com/spreadsheets/d/1BsfQQcO9C6DZCsRaXUlFlo91Tg2WpOkGARC1WS5S8t0/edit?usp=sharing), generated with kicad-footprint-generator")
    (tags diode)
    (path /5E0C20B6)
    (attr smd)
    (fp_text reference D2 (at 0 -1.65) (layer F.SilkS)
      (effects (font (size 1 1) (thickness 0.15)))
    )
    (fp_text value D (at 0 1.65) (layer F.Fab)
      (effects (font (size 1 1) (thickness 0.15)))
    )
    (fp_line (start 1 -0.6) (end -0.7 -0.6) (layer F.Fab) (width 0.1))
    (fp_line (start -0.7 -0.6) (end -1 -0.3) (layer F.Fab) (width 0.1))
    (fp_line (start -1 -0.3) (end -1 0.6) (layer F.Fab) (width 0.1))
    (fp_line (start -1 0.6) (end 1 0.6) (layer F.Fab) (width 0.1))
    (fp_line (start 1 0.6) (end 1 -0.6) (layer F.Fab) (width 0.1))
    (fp_line (start 1 -0.96) (end -1.685 -0.96) (layer F.SilkS) (width 0.12))
    (fp_line (start -1.685 -0.96) (end -1.685 0.96) (layer F.SilkS) (width 0.12))
    (fp_line (start -1.685 0.96) (end 1 0.96) (layer F.SilkS) (width 0.12))
    (fp_line (start -1.68 0.95) (end -1.68 -0.95) (layer F.CrtYd) (width 0.05))
    (fp_line (start -1.68 -0.95) (end 1.68 -0.95) (layer F.CrtYd) (width 0.05))
    (fp_line (start 1.68 -0.95) (end 1.68 0.95) (layer F.CrtYd) (width 0.05))
    (fp_line (start 1.68 0.95) (end -1.68 0.95) (layer F.CrtYd) (width 0.05))
    (fp_text user %R (at 0 0) (layer F.Fab)
      (effects (font (size 0.5 0.5) (thickness 0.08)))
    )
    (pad 1 smd roundrect (at -0.9375 0) (size 0.975 1.4) (layers F.Cu F.Paste F.Mask) (roundrect_rratio 0.25)
      (net 7 "Net-(D2-Pad1)"))
    (pad 2 smd roundrect (at 0.9375 0) (size 0.975 1.4) (layers F.Cu F.Paste F.Mask) (roundrect_rratio 0.25)
      (net 2 VO_12))
    (model ${KISYS3DMOD}/Diode_SMD.3dshapes/D_0805_2012Metric.wrl
      (at (xyz 0 0 0))
      (scale (xyz 1 1 1))
      (rotate (xyz 0 0 0))
    )
  )

  (module Diode_SMD:D_0805_2012Metric (layer F.Cu) (tedit 5B36C52B) (tstamp 5E12A2F3)
    (at 187.478801 36.042601)
    (descr "Diode SMD 0805 (2012 Metric), square (rectangular) end terminal, IPC_7351 nominal, (Body size source: https://docs.google.com/spreadsheets/d/1BsfQQcO9C6DZCsRaXUlFlo91Tg2WpOkGARC1WS5S8t0/edit?usp=sharing), generated with kicad-footprint-generator")
    (tags diode)
    (path /5E1E6D4D)
    (attr smd)
    (fp_text reference D75 (at 0 -1.65) (layer F.SilkS)
      (effects (font (size 1 1) (thickness 0.15)))
    )
    (fp_text value D (at 0 1.65) (layer F.Fab)
      (effects (font (size 1 1) (thickness 0.15)))
    )
    (fp_text user %R (at 0 0) (layer F.Fab)
      (effects (font (size 0.5 0.5) (thickness 0.08)))
    )
    (fp_line (start 1.68 0.95) (end -1.68 0.95) (layer F.CrtYd) (width 0.05))
    (fp_line (start 1.68 -0.95) (end 1.68 0.95) (layer F.CrtYd) (width 0.05))
    (fp_line (start -1.68 -0.95) (end 1.68 -0.95) (layer F.CrtYd) (width 0.05))
    (fp_line (start -1.68 0.95) (end -1.68 -0.95) (layer F.CrtYd) (width 0.05))
    (fp_line (start -1.685 0.96) (end 1 0.96) (layer F.SilkS) (width 0.12))
    (fp_line (start -1.685 -0.96) (end -1.685 0.96) (layer F.SilkS) (width 0.12))
    (fp_line (start 1 -0.96) (end -1.685 -0.96) (layer F.SilkS) (width 0.12))
    (fp_line (start 1 0.6) (end 1 -0.6) (layer F.Fab) (width 0.1))
    (fp_line (start -1 0.6) (end 1 0.6) (layer F.Fab) (width 0.1))
    (fp_line (start -1 -0.3) (end -1 0.6) (layer F.Fab) (width 0.1))
    (fp_line (start -0.7 -0.6) (end -1 -0.3) (layer F.Fab) (width 0.1))
    (fp_line (start 1 -0.6) (end -0.7 -0.6) (layer F.Fab) (width 0.1))
    (pad 2 smd roundrect (at 0.9375 0) (size 0.975 1.4) (layers F.Cu F.Paste F.Mask) (roundrect_rratio 0.25)
      (net 1 "Net-(C1-Pad1)"))
    (pad 1 smd roundrect (at -0.9375 0) (size 0.975 1.4) (layers F.Cu F.Paste F.Mask) (roundrect_rratio 0.25)
      (net 7 "Net-(D2-Pad1)"))
    (model ${KISYS3DMOD}/Diode_SMD.3dshapes/D_0805_2012Metric.wrl
      (at (xyz 0 0 0))
      (scale (xyz 1 1 1))
      (rotate (xyz 0 0 0))
    )
  )

  (module Connector_PinHeader_1.27mm:PinHeader_2x05_P1.27mm_Vertical (layer B.Cu) (tedit 59FED6E3) (tstamp 5E12A318)
    (at 135.6106 85.3694 180)
    (descr "Through hole straight pin header, 2x05, 1.27mm pitch, double rows")
    (tags "Through hole pin header THT 2x05 1.27mm double row")
    (path /5E00183C)
    (fp_text reference J1 (at 0.635 1.695 180) (layer B.SilkS)
      (effects (font (size 1 1) (thickness 0.15)) (justify mirror))
    )
    (fp_text value Conn_02x05_Odd_Even (at 0.635 -6.775 180) (layer B.Fab)
      (effects (font (size 1 1) (thickness 0.15)) (justify mirror))
    )
    (fp_line (start -0.2175 0.635) (end 2.34 0.635) (layer B.Fab) (width 0.1))
    (fp_line (start 2.34 0.635) (end 2.34 -5.715) (layer B.Fab) (width 0.1))
    (fp_line (start 2.34 -5.715) (end -1.07 -5.715) (layer B.Fab) (width 0.1))
    (fp_line (start -1.07 -5.715) (end -1.07 -0.2175) (layer B.Fab) (width 0.1))
    (fp_line (start -1.07 -0.2175) (end -0.2175 0.635) (layer B.Fab) (width 0.1))
    (fp_line (start -1.13 -5.775) (end -0.30753 -5.775) (layer B.SilkS) (width 0.12))
    (fp_line (start 1.57753 -5.775) (end 2.4 -5.775) (layer B.SilkS) (width 0.12))
    (fp_line (start 0.30753 -5.775) (end 0.96247 -5.775) (layer B.SilkS) (width 0.12))
    (fp_line (start -1.13 -0.76) (end -1.13 -5.775) (layer B.SilkS) (width 0.12))
    (fp_line (start 2.4 0.695) (end 2.4 -5.775) (layer B.SilkS) (width 0.12))
    (fp_line (start -1.13 -0.76) (end -0.563471 -0.76) (layer B.SilkS) (width 0.12))
    (fp_line (start 0.563471 -0.76) (end 0.706529 -0.76) (layer B.SilkS) (width 0.12))
    (fp_line (start 0.76 -0.706529) (end 0.76 -0.563471) (layer B.SilkS) (width 0.12))
    (fp_line (start 0.76 0.563471) (end 0.76 0.695) (layer B.SilkS) (width 0.12))
    (fp_line (start 0.76 0.695) (end 0.96247 0.695) (layer B.SilkS) (width 0.12))
    (fp_line (start 1.57753 0.695) (end 2.4 0.695) (layer B.SilkS) (width 0.12))
    (fp_line (start -1.13 0) (end -1.13 0.76) (layer B.SilkS) (width 0.12))
    (fp_line (start -1.13 0.76) (end 0 0.76) (layer B.SilkS) (width 0.12))
    (fp_line (start -1.6 1.15) (end -1.6 -6.25) (layer B.CrtYd) (width 0.05))
    (fp_line (start -1.6 -6.25) (end 2.85 -6.25) (layer B.CrtYd) (width 0.05))
    (fp_line (start 2.85 -6.25) (end 2.85 1.15) (layer B.CrtYd) (width 0.05))
    (fp_line (start 2.85 1.15) (end -1.6 1.15) (layer B.CrtYd) (width 0.05))
    (fp_text user %R (at 0.635 -2.54 90) (layer B.Fab)
      (effects (font (size 1 1) (thickness 0.15)) (justify mirror))
    )
    (pad 1 thru_hole rect (at 0 0 180) (size 1 1) (drill 0.65) (layers *.Cu *.Mask)
      (net 5 3v3))
    (pad 2 thru_hole oval (at 1.27 0 180) (size 1 1) (drill 0.65) (layers *.Cu *.Mask)
      (net 152 SWDIO))
    (pad 3 thru_hole oval (at 0 -1.27 180) (size 1 1) (drill 0.65) (layers *.Cu *.Mask)
      (net 3 GND))
    (pad 4 thru_hole oval (at 1.27 -1.27 180) (size 1 1) (drill 0.65) (layers *.Cu *.Mask)
      (net 153 SWCLK))
    (pad 5 thru_hole oval (at 0 -2.54 180) (size 1 1) (drill 0.65) (layers *.Cu *.Mask)
      (net 3 GND))
    (pad 6 thru_hole oval (at 1.27 -2.54 180) (size 1 1) (drill 0.65) (layers *.Cu *.Mask)
      (net 154 "Net-(J1-Pad6)"))
    (pad 7 thru_hole oval (at 0 -3.81 180) (size 1 1) (drill 0.65) (layers *.Cu *.Mask)
      (net 155 "Net-(J1-Pad7)"))
    (pad 8 thru_hole oval (at 1.27 -3.81 180) (size 1 1) (drill 0.65) (layers *.Cu *.Mask)
      (net 156 "Net-(J1-Pad8)"))
    (pad 9 thru_hole oval (at 0 -5.08 180) (size 1 1) (drill 0.65) (layers *.Cu *.Mask)
      (net 3 GND))
    (pad 10 thru_hole oval (at 1.27 -5.08 180) (size 1 1) (drill 0.65) (layers *.Cu *.Mask)
      (net 157 ~RST))
    (model ${KISYS3DMOD}/Connector_PinHeader_1.27mm.3dshapes/PinHeader_2x05_P1.27mm_Vertical.wrl
      (at (xyz 0 0 0))
      (scale (xyz 1 1 1))
      (rotate (xyz 0 0 0))
    )
  )

  (module Resistor_SMD:R_0805_2012Metric (layer F.Cu) (tedit 5B36C52B) (tstamp 5E12A329)
    (at 187.438801 38.037601)
    (descr "Resistor SMD 0805 (2012 Metric), square (rectangular) end terminal, IPC_7351 nominal, (Body size source: https://docs.google.com/spreadsheets/d/1BsfQQcO9C6DZCsRaXUlFlo91Tg2WpOkGARC1WS5S8t0/edit?usp=sharing), generated with kicad-footprint-generator")
    (tags resistor)
    (path /5DF2FA14)
    (attr smd)
    (fp_text reference R4 (at 0 -1.65) (layer F.SilkS)
      (effects (font (size 1 1) (thickness 0.15)))
    )
    (fp_text value 100 (at 0 1.65) (layer F.Fab)
      (effects (font (size 1 1) (thickness 0.15)))
    )
    (fp_text user %R (at 0 0) (layer F.Fab)
      (effects (font (size 0.5 0.5) (thickness 0.08)))
    )
    (fp_line (start 1.68 0.95) (end -1.68 0.95) (layer F.CrtYd) (width 0.05))
    (fp_line (start 1.68 -0.95) (end 1.68 0.95) (layer F.CrtYd) (width 0.05))
    (fp_line (start -1.68 -0.95) (end 1.68 -0.95) (layer F.CrtYd) (width 0.05))
    (fp_line (start -1.68 0.95) (end -1.68 -0.95) (layer F.CrtYd) (width 0.05))
    (fp_line (start -0.258578 0.71) (end 0.258578 0.71) (layer F.SilkS) (width 0.12))
    (fp_line (start -0.258578 -0.71) (end 0.258578 -0.71) (layer F.SilkS) (width 0.12))
    (fp_line (start 1 0.6) (end -1 0.6) (layer F.Fab) (width 0.1))
    (fp_line (start 1 -0.6) (end 1 0.6) (layer F.Fab) (width 0.1))
    (fp_line (start -1 -0.6) (end 1 -0.6) (layer F.Fab) (width 0.1))
    (fp_line (start -1 0.6) (end -1 -0.6) (layer F.Fab) (width 0.1))
    (pad 2 smd roundrect (at 0.9375 0) (size 0.975 1.4) (layers F.Cu F.Paste F.Mask) (roundrect_rratio 0.25)
      (net 9 "Net-(D3-Pad2)"))
    (pad 1 smd roundrect (at -0.9375 0) (size 0.975 1.4) (layers F.Cu F.Paste F.Mask) (roundrect_rratio 0.25)
      (net 5 3v3))
    (model ${KISYS3DMOD}/Resistor_SMD.3dshapes/R_0805_2012Metric.wrl
      (at (xyz 0 0 0))
      (scale (xyz 1 1 1))
      (rotate (xyz 0 0 0))
    )
  )

  (module Resistor_SMD:R_0805_2012Metric (layer F.Cu) (tedit 5B36C52B) (tstamp 5E12A33A)
    (at 191.924601 41.264801)
    (descr "Resistor SMD 0805 (2012 Metric), square (rectangular) end terminal, IPC_7351 nominal, (Body size source: https://docs.google.com/spreadsheets/d/1BsfQQcO9C6DZCsRaXUlFlo91Tg2WpOkGARC1WS5S8t0/edit?usp=sharing), generated with kicad-footprint-generator")
    (tags resistor)
    (path /5DF33448)
    (attr smd)
    (fp_text reference R5 (at 0 -1.65) (layer F.SilkS)
      (effects (font (size 1 1) (thickness 0.15)))
    )
    (fp_text value 100 (at 0 1.65) (layer F.Fab)
      (effects (font (size 1 1) (thickness 0.15)))
    )
    (fp_text user %R (at 0 0) (layer F.Fab)
      (effects (font (size 0.5 0.5) (thickness 0.08)))
    )
    (fp_line (start 1.68 0.95) (end -1.68 0.95) (layer F.CrtYd) (width 0.05))
    (fp_line (start 1.68 -0.95) (end 1.68 0.95) (layer F.CrtYd) (width 0.05))
    (fp_line (start -1.68 -0.95) (end 1.68 -0.95) (layer F.CrtYd) (width 0.05))
    (fp_line (start -1.68 0.95) (end -1.68 -0.95) (layer F.CrtYd) (width 0.05))
    (fp_line (start -0.258578 0.71) (end 0.258578 0.71) (layer F.SilkS) (width 0.12))
    (fp_line (start -0.258578 -0.71) (end 0.258578 -0.71) (layer F.SilkS) (width 0.12))
    (fp_line (start 1 0.6) (end -1 0.6) (layer F.Fab) (width 0.1))
    (fp_line (start 1 -0.6) (end 1 0.6) (layer F.Fab) (width 0.1))
    (fp_line (start -1 -0.6) (end 1 -0.6) (layer F.Fab) (width 0.1))
    (fp_line (start -1 0.6) (end -1 -0.6) (layer F.Fab) (width 0.1))
    (pad 2 smd roundrect (at 0.9375 0) (size 0.975 1.4) (layers F.Cu F.Paste F.Mask) (roundrect_rratio 0.25)
      (net 11 "Net-(D4-Pad2)"))
    (pad 1 smd roundrect (at -0.9375 0) (size 0.975 1.4) (layers F.Cu F.Paste F.Mask) (roundrect_rratio 0.25)
      (net 5 3v3))
    (model ${KISYS3DMOD}/Resistor_SMD.3dshapes/R_0805_2012Metric.wrl
      (at (xyz 0 0 0))
      (scale (xyz 1 1 1))
      (rotate (xyz 0 0 0))
    )
  )

  (module Resistor_SMD:R_0805_2012Metric (layer F.Cu) (tedit 5B36C52B) (tstamp 5E12A34B)
    (at 200.896401 28.915001)
    (descr "Resistor SMD 0805 (2012 Metric), square (rectangular) end terminal, IPC_7351 nominal, (Body size source: https://docs.google.com/spreadsheets/d/1BsfQQcO9C6DZCsRaXUlFlo91Tg2WpOkGARC1WS5S8t0/edit?usp=sharing), generated with kicad-footprint-generator")
    (tags resistor)
    (path /5DF35444)
    (attr smd)
    (fp_text reference R6 (at 0 -1.65) (layer F.SilkS)
      (effects (font (size 1 1) (thickness 0.15)))
    )
    (fp_text value 100 (at 0 1.65) (layer F.Fab)
      (effects (font (size 1 1) (thickness 0.15)))
    )
    (fp_text user %R (at 0 0) (layer F.Fab)
      (effects (font (size 0.5 0.5) (thickness 0.08)))
    )
    (fp_line (start 1.68 0.95) (end -1.68 0.95) (layer F.CrtYd) (width 0.05))
    (fp_line (start 1.68 -0.95) (end 1.68 0.95) (layer F.CrtYd) (width 0.05))
    (fp_line (start -1.68 -0.95) (end 1.68 -0.95) (layer F.CrtYd) (width 0.05))
    (fp_line (start -1.68 0.95) (end -1.68 -0.95) (layer F.CrtYd) (width 0.05))
    (fp_line (start -0.258578 0.71) (end 0.258578 0.71) (layer F.SilkS) (width 0.12))
    (fp_line (start -0.258578 -0.71) (end 0.258578 -0.71) (layer F.SilkS) (width 0.12))
    (fp_line (start 1 0.6) (end -1 0.6) (layer F.Fab) (width 0.1))
    (fp_line (start 1 -0.6) (end 1 0.6) (layer F.Fab) (width 0.1))
    (fp_line (start -1 -0.6) (end 1 -0.6) (layer F.Fab) (width 0.1))
    (fp_line (start -1 0.6) (end -1 -0.6) (layer F.Fab) (width 0.1))
    (pad 2 smd roundrect (at 0.9375 0) (size 0.975 1.4) (layers F.Cu F.Paste F.Mask) (roundrect_rratio 0.25)
      (net 12 "Net-(D5-Pad2)"))
    (pad 1 smd roundrect (at -0.9375 0) (size 0.975 1.4) (layers F.Cu F.Paste F.Mask) (roundrect_rratio 0.25)
      (net 5 3v3))
    (model ${KISYS3DMOD}/Resistor_SMD.3dshapes/R_0805_2012Metric.wrl
      (at (xyz 0 0 0))
      (scale (xyz 1 1 1))
      (rotate (xyz 0 0 0))
    )
  )

  (module Resistor_SMD:R_0805_2012Metric (layer F.Cu) (tedit 5B36C52B) (tstamp 5E12A35C)
    (at 188.534201 52.358001)
    (descr "Resistor SMD 0805 (2012 Metric), square (rectangular) end terminal, IPC_7351 nominal, (Body size source: https://docs.google.com/spreadsheets/d/1BsfQQcO9C6DZCsRaXUlFlo91Tg2WpOkGARC1WS5S8t0/edit?usp=sharing), generated with kicad-footprint-generator")
    (tags resistor)
    (path /5DF3B3B8)
    (attr smd)
    (fp_text reference R7 (at 0 -1.65) (layer F.SilkS)
      (effects (font (size 1 1) (thickness 0.15)))
    )
    (fp_text value 100 (at 0 1.65) (layer F.Fab)
      (effects (font (size 1 1) (thickness 0.15)))
    )
    (fp_line (start -1 0.6) (end -1 -0.6) (layer F.Fab) (width 0.1))
    (fp_line (start -1 -0.6) (end 1 -0.6) (layer F.Fab) (width 0.1))
    (fp_line (start 1 -0.6) (end 1 0.6) (layer F.Fab) (width 0.1))
    (fp_line (start 1 0.6) (end -1 0.6) (layer F.Fab) (width 0.1))
    (fp_line (start -0.258578 -0.71) (end 0.258578 -0.71) (layer F.SilkS) (width 0.12))
    (fp_line (start -0.258578 0.71) (end 0.258578 0.71) (layer F.SilkS) (width 0.12))
    (fp_line (start -1.68 0.95) (end -1.68 -0.95) (layer F.CrtYd) (width 0.05))
    (fp_line (start -1.68 -0.95) (end 1.68 -0.95) (layer F.CrtYd) (width 0.05))
    (fp_line (start 1.68 -0.95) (end 1.68 0.95) (layer F.CrtYd) (width 0.05))
    (fp_line (start 1.68 0.95) (end -1.68 0.95) (layer F.CrtYd) (width 0.05))
    (fp_text user %R (at 0 0) (layer F.Fab)
      (effects (font (size 0.5 0.5) (thickness 0.08)))
    )
    (pad 1 smd roundrect (at -0.9375 0) (size 0.975 1.4) (layers F.Cu F.Paste F.Mask) (roundrect_rratio 0.25)
      (net 5 3v3))
    (pad 2 smd roundrect (at 0.9375 0) (size 0.975 1.4) (layers F.Cu F.Paste F.Mask) (roundrect_rratio 0.25)
      (net 14 "Net-(D6-Pad2)"))
    (model ${KISYS3DMOD}/Resistor_SMD.3dshapes/R_0805_2012Metric.wrl
      (at (xyz 0 0 0))
      (scale (xyz 1 1 1))
      (rotate (xyz 0 0 0))
    )
  )

  (module Resistor_SMD:R_0805_2012Metric (layer F.Cu) (tedit 5B36C52B) (tstamp 5E12A36D)
    (at 177.074401 54.492001)
    (descr "Resistor SMD 0805 (2012 Metric), square (rectangular) end terminal, IPC_7351 nominal, (Body size source: https://docs.google.com/spreadsheets/d/1BsfQQcO9C6DZCsRaXUlFlo91Tg2WpOkGARC1WS5S8t0/edit?usp=sharing), generated with kicad-footprint-generator")
    (tags resistor)
    (path /5DF3B428)
    (attr smd)
    (fp_text reference R8 (at 0 -1.65) (layer F.SilkS)
      (effects (font (size 1 1) (thickness 0.15)))
    )
    (fp_text value 100 (at 0 1.65) (layer F.Fab)
      (effects (font (size 1 1) (thickness 0.15)))
    )
    (fp_line (start -1 0.6) (end -1 -0.6) (layer F.Fab) (width 0.1))
    (fp_line (start -1 -0.6) (end 1 -0.6) (layer F.Fab) (width 0.1))
    (fp_line (start 1 -0.6) (end 1 0.6) (layer F.Fab) (width 0.1))
    (fp_line (start 1 0.6) (end -1 0.6) (layer F.Fab) (width 0.1))
    (fp_line (start -0.258578 -0.71) (end 0.258578 -0.71) (layer F.SilkS) (width 0.12))
    (fp_line (start -0.258578 0.71) (end 0.258578 0.71) (layer F.SilkS) (width 0.12))
    (fp_line (start -1.68 0.95) (end -1.68 -0.95) (layer F.CrtYd) (width 0.05))
    (fp_line (start -1.68 -0.95) (end 1.68 -0.95) (layer F.CrtYd) (width 0.05))
    (fp_line (start 1.68 -0.95) (end 1.68 0.95) (layer F.CrtYd) (width 0.05))
    (fp_line (start 1.68 0.95) (end -1.68 0.95) (layer F.CrtYd) (width 0.05))
    (fp_text user %R (at 0 0) (layer F.Fab)
      (effects (font (size 0.5 0.5) (thickness 0.08)))
    )
    (pad 1 smd roundrect (at -0.9375 0) (size 0.975 1.4) (layers F.Cu F.Paste F.Mask) (roundrect_rratio 0.25)
      (net 5 3v3))
    (pad 2 smd roundrect (at 0.9375 0) (size 0.975 1.4) (layers F.Cu F.Paste F.Mask) (roundrect_rratio 0.25)
      (net 16 "Net-(D7-Pad2)"))
    (model ${KISYS3DMOD}/Resistor_SMD.3dshapes/R_0805_2012Metric.wrl
      (at (xyz 0 0 0))
      (scale (xyz 1 1 1))
      (rotate (xyz 0 0 0))
    )
  )

  (module Resistor_SMD:R_0805_2012Metric (layer F.Cu) (tedit 5B36C52B) (tstamp 5E12A37E)
    (at 171.151801 55.248201)
    (descr "Resistor SMD 0805 (2012 Metric), square (rectangular) end terminal, IPC_7351 nominal, (Body size source: https://docs.google.com/spreadsheets/d/1BsfQQcO9C6DZCsRaXUlFlo91Tg2WpOkGARC1WS5S8t0/edit?usp=sharing), generated with kicad-footprint-generator")
    (tags resistor)
    (path /5DF2FE90)
    (attr smd)
    (fp_text reference R9 (at 0 -1.65) (layer F.SilkS)
      (effects (font (size 1 1) (thickness 0.15)))
    )
    (fp_text value 100 (at 0 1.65) (layer F.Fab)
      (effects (font (size 1 1) (thickness 0.15)))
    )
    (fp_line (start -1 0.6) (end -1 -0.6) (layer F.Fab) (width 0.1))
    (fp_line (start -1 -0.6) (end 1 -0.6) (layer F.Fab) (width 0.1))
    (fp_line (start 1 -0.6) (end 1 0.6) (layer F.Fab) (width 0.1))
    (fp_line (start 1 0.6) (end -1 0.6) (layer F.Fab) (width 0.1))
    (fp_line (start -0.258578 -0.71) (end 0.258578 -0.71) (layer F.SilkS) (width 0.12))
    (fp_line (start -0.258578 0.71) (end 0.258578 0.71) (layer F.SilkS) (width 0.12))
    (fp_line (start -1.68 0.95) (end -1.68 -0.95) (layer F.CrtYd) (width 0.05))
    (fp_line (start -1.68 -0.95) (end 1.68 -0.95) (layer F.CrtYd) (width 0.05))
    (fp_line (start 1.68 -0.95) (end 1.68 0.95) (layer F.CrtYd) (width 0.05))
    (fp_line (start 1.68 0.95) (end -1.68 0.95) (layer F.CrtYd) (width 0.05))
    (fp_text user %R (at 0 0) (layer F.Fab)
      (effects (font (size 0.5 0.5) (thickness 0.08)))
    )
    (pad 1 smd roundrect (at -0.9375 0) (size 0.975 1.4) (layers F.Cu F.Paste F.Mask) (roundrect_rratio 0.25)
      (net 5 3v3))
    (pad 2 smd roundrect (at 0.9375 0) (size 0.975 1.4) (layers F.Cu F.Paste F.Mask) (roundrect_rratio 0.25)
      (net 18 "Net-(D8-Pad2)"))
